0.56|0|0|0|0|0|0|
0.82|0|0|0|0|0|0|
1.06|0|0|0|0|0|0|
1.3|0|0|0|0|0|0|
1.52|0|0|0|0|0|0|
0.12|0|0|0|0|0|0|
-0.9|0|0|0|0|0|0|
-1.6|0|0|0|0|0|0|
0.91309,0,0.407761,0,0,1,0,0,-0.407761,0,0.91309,0,6,0,27,1|
-0.84|0|0|0|0|0|0|
-0.64|0|0|0|0|0|0|
0.751807,0,0.659386,0,0,1,0,0,-0.659386,0,0.751807,0,6,0,27,1|
0.605822,0,0.795604,0,0,1,0,0,-0.795604,0,0.605822,0,6,0,27,1|
0.435684,0,0.900103,0,0,1,0,0,-0.900103,0,0.435684,0,6,0,27,1|
-0.64|0|0.2|0.24|0.18|0.42|0|
-0.64|0|0.2|0.24|0.18|0.62|0|
-0.64|0|0.2|0.24|0.18|0.62|0.26|
-0.64|0|0.2|0.24|0.18|0.62|-0.16|
-0.64|0|0.2|0.24|0.18|0.62|-0.4|
-0.64|0|0.2|0.24|0.18|0.62|-0.68|
-0.64|0|0.2|0.24|0.18|0.34|-0.72|
-0.64|0|0.2|0.24|0.18|0.14|-0.72|
-0.64|0|0.2|0.24|0.18|-0.8|-1.02|
-0.64|0|0.2|0.24|0.18|-0.3|-1.02|
-0.64|0|0.2|0.24|0.18|-0.02|-1.02|
-0.64|0|0.2|0.24|0.18|0.24|-1.02|
-0.64|0|0.2|0.24|0.18|0.42|-1.2|
-0.64|0|0.2|0.24|0.18|0.42|-0.94|
-0.64|0|0.2|0.24|0.18|0.42|-0.64|
-0.64|0|0.2|0.24|0.18|0.42|-0.42|
-0.64|0|0.2|0.24|0.18|0.34|-0.42|
-0.64|0|0.2|0.24|0.18|0.08|-0.42|
-0.64|0|0.2|0.24|0.18|0.42|-0.42|
-0.64|0|0.2|0.24|0.18|0.58|-0.56|
-0.64|0|0.2|0.24|0.18|0.58|-0.8|
-0.64|0|0.2|0.24|0.18|0.44|-1|
-0.64|0|0.2|0.24|0.18|7.00355e-09|-1|
-0.64|0|0.2|0.24|0.18|-0.2|-1.32|
-0.64|0|0.2|0.24|0.18|0.3|-1.32|
-0.64|0|0.2|0.24|0.18|0.3|-0.74|
-0.64|0|0.2|0.24|0.18|0.3|-0.42|
-0.64|0|0.2|0.24|0.18|0.3|-0.18|
-0.64|0|0.2|0.24|0.18|0.3|0.08|
-0.64|0|0.2|0.24|0.18|0.3|0.3|
-0.64|0|0.2|0.24|0.18|-0.14|0.52|
-0.64|0|0.2|0.24|0.18|-0.58|0.52|
-0.64|0|0.2|0.24|0.18|-0.58|0.38|
-0.64|0|0.2|0.24|0.18|-0.98|0.22|
-0.64|0|0.2|0.24|0.18|-1.18|0.56|
0.228753,0,0.973488,0,0,1,0,0,-0.973488,0,0.228753,0,6,0,27,1|
0.228753,0,0.973488,0,0,1,0,0,-0.973488,0,0.228753,0,5.85359,0,26.377,1|
0.228753,0,0.973488,0,0,1,0,0,-0.973488,0,0.228753,0,5.5013,0,24.8777,1|
-0.64|0|0.2|0.24|0.18|-0.98|0.56|
-0.64|0|0.2|0.24|0.18|-0.74|0.56|
-0.64|0|0.2|0.24|0.18|-0.52|0.56|
-0.64|0|0.2|0.24|0.18|-0.32|0.56|
-0.64|0|0.2|0.24|0.18|-0.1|0.8|
-0.64|0|0.2|0.24|0.18|-0.1|1.06|
-0.64|0|0.2|0.24|0.18|-0.1|1.4|
-0.64|0|0.2|0.24|0.18|-0.1|1.12|
-0.64|0|0.2|0.24|0.18|-0.1|0.78|
-0.64|0|0.2|0.24|0.18|-0.1|0.4|
-0.64|0|0.2|0.24|0.18|-0.1|0.06|
-0.64|0|0.2|0.24|0.18|-0.1|-0.38|
-0.64|0|0.2|0.24|0.18|-0.1|-0.84|
0.228753,0,0.973488,0,0,1,0,0,-0.973488,0,0.228753,0,5.13528,0,23.3201,1|
0.228753,0,0.973488,0,0,1,0,0,-0.973488,0,0.228753,0,5.08495,0,23.106,1|
0.228753,0,0.973488,0,0,1,0,0,-0.973488,0,0.228753,0,4.98887,0,22.6971,1|
0.228753,0,0.973488,0,0,1,0,0,-0.973488,0,0.228753,0,4.92939,0,22.444,1|
0.228753,0,0.973488,0,0,1,0,0,-0.973488,0,0.228753,0,4.87449,0,22.2103,1|
0.228753,0,0.973488,0,0,1,0,0,-0.973488,0,0.228753,0,4.84246,0,22.074,1|
-0.168398,0,0.985723,0,0,1,0,0,-0.985723,0,-0.168398,0,4.81043,0,21.9377,1|
-0.360875,0,0.932619,0,0,1,0,0,-0.932619,0,-0.360875,0,4.81043,0,21.9377,1|
-0.538964,0,0.842334,0,0,1,0,0,-0.842334,0,-0.538964,0,4.81043,0,21.9377,1|
-0.78|0|0|0|0|
-1.06|0|0|0|0|
-1.32|0|0|0|0|
0.921062,0,0.389418,0,0,1,0,0,-0.389418,0,0.921062,0,6,0,20,1|
0.825336,0,0.564643,0,0,1,0,0,-0.564643,0,0.825336,0,6,0,20,1|
0.696708,0,0.717357,0,0,1,0,0,-0.717357,0,0.696708,0,6,0,20,1|
-1.22|0|0|0|0|
-0.96|0|0|0|0|
-0.78|0|0|0|0|
-0.62|0|0|0|0|
0.589789,0,0.807559,0,0,1,0,0,-0.807559,0,0.589789,0,5.80619,0,20.1415,1|
0.589789,0,0.807559,0,0,1,0,0,-0.807559,0,0.589789,0,5.62853,0,20.2713,1|
0.589789,0,0.807559,0,0,1,0,0,-0.807559,0,0.589789,0,5.49932,0,20.3656,1|
0.589789,0,0.807559,0,0,1,0,0,-0.807559,0,0.589789,0,5.35396,0,20.4718,1|
0.589789,0,0.807559,0,0,1,0,0,-0.807559,0,0.589789,0,5.1763,0,20.6015,1|
0.589789,0,0.807559,0,0,1,0,0,-0.807559,0,0.589789,0,5.03094,0,20.7077,1|
-0.46|0|0|0|0|
-0.46|0|0|0.24|0|
-0.46|0|0|-0.04|0.2|
-0.46|0|0|-0.34|0.2|
-0.46|0|0|-0.68|0.2|
-0.46|0|0|-1.04|0.2|
-0.46|0|0|-0.94|0.2|
-0.46|0|0.22|-0.94|0.2|
-0.46|0|0.42|-0.94|0.2|
-0.46|0|0.6|-0.94|0.2|
-0.46|0.26|0.6|-0.94|0.2|
-0.46|0.26|0.86|-0.94|0.2|
-0.46|0.54|1.02|-0.94|0.2|
-0.46|0.78|1.16|-0.94|0.2|
-0.46|0.9|0.8|-0.94|0.2|
-0.46|0.9|0.6|-0.94|0.2|
-0.46|0.9|0.26|-0.94|0.2|
-0.46|0.9|0.08|-0.94|0.2|
-0.46|0.9|-0.14|-0.94|0.2|
-0.46|0.9|-0.08|-0.94|0.2|
-0.46|0.9|-1.54|-0.94|0.2|
0.589789,0,0.807559,0,0,1,0,0,-0.807559,0,0.589789,0,4.69177,0,20.9554,1|
0.589789,0,0.807559,0,0,1,0,0,-0.807559,0,0.589789,0,4.51411,0,21.0851,1|
0.589789,0,0.807559,0,0,1,0,0,-0.807559,0,0.589789,0,4.36875,0,21.1913,1|
0.16|0|0.2|0.24|0.2|-0.08|-0.88|
0.44|0|0.2|0.24|0.2|-0.08|-0.88|
0.68|0|0.2|0.24|0.2|-0.08|-0.88|
0.94|0|0.2|0.24|0.2|-0.08|-0.88|
0.94|0|0.44|0.46|0.2|-0.08|-0.88|
0.94|0|0.78|0.46|0.2|-0.08|-0.88|
0.94|0|0.92|0.46|0.2|-0.08|-0.88|
0.94|0|1.08|0.46|0.2|-0.08|-0.88|
0.94|0|1.3|0.46|0.2|-0.08|-0.88|
0.94|0|1.46|0.46|0.2|-0.08|-0.88|
0.94|0|1.68|0.46|0.2|-0.08|-0.88|
0.94|0|1.86|0.46|0.38|-0.08|-0.88|
0.94|0|1.86|0.46|0.56|-0.08|-0.88|
0.94|0|1.86|0.46|0.82|-0.08|-0.88|
0.94|0|1.86|0.46|0.96|-0.08|-0.88|
0.94|0|1.86|0.46|1.12|-0.08|-0.88|
0.94|0|1.86|0.46|1.32|-0.08|-0.88|
0.94|0|1.86|0.46|1.26|-0.08|-0.88|
0.94|0|1.86|0.46|1.04|-0.08|-0.88|
0.94|0|1.86|0.46|0.58|-0.08|-0.88|
0.94|0|1.86|0.46|0.38|-0.08|-0.88|
0.94|0|1.86|0.46|0.08|-0.08|-0.88|
0.94|0|1.86|0.46|-0.18|-0.08|-0.88|
0.94|0|1.86|0.46|-0.4|-0.08|-0.88|
-0.538964,0,0.842334,0,0,1,0,0,-0.842334,0,-0.538964,0,4.75654,0,22.022,1|
-0.538964,0,0.842334,0,0,1,0,0,-0.842334,0,-0.538964,0,4.64874,0,22.1905,1|
-0.46|0.9|-1.28|-0.94|0.2|
-0.46|0.9|-0.9|-0.94|0.2|
-0.46|0.9|-0.72|-0.94|0.2|
-0.46|0.9|-0.34|-0.94|0.2|
-0.46|0.9|-0.18|-0.94|0.2|
-0.46|0.9|-0.18|-0.74|0.42|
-0.46|0.9|-0.18|-0.56|0.42|
-0.46|0.9|-0.18|-0.4|0.42|
-0.46|0.9|-0.18|-0.66|0.04|
-0.46|0.9|-0.18|-0.66|-0.28|
-0.46|0.9|-0.18|-0.24|-0.12|
-0.46|0.9|-0.18|-7.00355e-09|-0.12|
-0.46|0.9|-0.18|0.2|-0.12|
-0.46|0.9|-0.18|0.16|-0.12|
-0.46|0.9|-0.18|-0.04|-0.92|
-0.46|0.9|-0.18|-0.04|-0.8|
-0.28|-0.94|-0.18|-0.04|-0.6|
-0.28|-1.36|-0.18|-0.04|-0.6|
-0.28|-1.44|-0.18|-0.04|-0.6|
-0.28|-1.62|-0.18|-0.04|-0.6|
